163
  225 117 450
  227 27 50
  59 46 221
  134 99 74
  222 11 299
  83 67 256
  84 208 253
  153 48 331
  96 248 60
  213 60 132
  58 96 84
  41 128 54
  233 127 369
  90 70 451
  48 155 4
  217 10 429
  10 214 488
  203 138 47
  242 130 412
  14 73 41
  48 21 9
  116 65 354
  12 40 235
  61 243 390
  55 199 370
  180 137 230
  109 1 288
  247 24 40
  52 101 471
  240 120 382
  48 227 113
  105 137 461
  236 182 430
  99 10 190
  209 71 172
  108 2 144
  58 210 109
  161 67 134
  212 142 236
  77 211 122
  43 139 6
  32 174 45
  157 101 48
  120 73 180
  227 174 246
  252 1 192
  59 47 210
  231 73 287
  189 150 90
  86 254 252
  13 243 243
  61 107 16
  195 178 324
  136 49 18
  78 244 177
  249 203 384
  110 153 295
  68 173 38
  99 244 481
  116 74 100
  121 200 13
  101 143 65
  192 182 466
  21 242 307
  163 43 296
  11 213 364
  198 179 378
  155 104 469
  55 158 392
  216 152 55
  230 96 332
  242 210 446
  246 224 143
  99 63 454
  94 253 474
  138 201 239
  14 69 389
  250 251 497
  50 246 32
  47 181 88
  38 163 367
  178 99 232
  197 1 291
  189 209 73
  244 221 436
  101 12 325
  39 50 280
  50 60 321
  69 91 140
  40 170 226
  201 41 81
  228 212 452
  235 157 408
  157 236 21
  81 142 224
  186 149 148
  251 233 489
  3 216 377
  247 163 194
  213 10 428
  196 200 82
  247 229 441
  4 179 53
  156 50 313
  192 163 460
  22 214 72
  175 115 129
  88 141 39
  66 109 480
  50 9 326
  86 22 277
  83 50 24
  118 49 314
  85 213 426
  235 162 372
  180 240 312
  19 68 63
  102 37 399
  108 252 298
  18 21 111
  82 20 375
  204 149 35
  82 233 181
  72 36 319
  246 212 285
  25 168 68
  99 241 316
  228 194 11
  216 169 397
  36 254 212
  12 71 121
  72 247 328
  205 133 155
  167 108 94
  153 37 133
  162 5 167
  148 30 355
  181 117 396
  192 190 406
  249 13 334
  167 241 130
  248 47 310
  165 9 301
  172 7 308
  189 152 237
  52 12 376
  175 106 250
  227 76 36
  160 182 207
  26 190 217
  167 7 27
  3 72 136
  39 250 162
  196 53 213
  214 237 200
  213 69 201
  112 198 197
  248 126 431
  3 119 302
  243 178 168
  120 63 70
  183 129 49
  57 207 71

22
  85.1911 128.266 1349 86 1 0 0 1
    -2.56268 24
  14.8905 94.3487 1422 84 1 1 0 1
    -0.853546 40
  116.928 158.105 80 94 1 0 0 1
    -0.688893 12
  107.424 152.039 1500 79 0 1 0 2
    -0.800047 28
    -2.09826 24
  203.309 113.726 335 91 1 0 0 1
    -0.804037 12
  229.206 40.9719 388 90 1 0 0 1
    2.212 12
  11.0824 53.8912 1427 83 1 0 1 2
    -0.974809 28
    2.27736 28
  183.357 31.7193 899 88 1 0 1 2
    0.25388 28
    2.81638 12
  13.4411 183.401 984 87 1 0 1 2
    0.97095 28
    2.14779 20
  74.8494 57.8317 686 89 1 0 0 1
    -1.26034 20
  81.579 14.9561 1417 85 1 1 1 2
    3.07696 28
    2.87087 32
  218.203 239.051 1500 80 0 1 0 1
    0.484408 32
  149.09 234.742 1454 82 1 0 0 1
    -2.76475 28
  223.774 165.758 1465 81 1 0 0 2
    2.61242 28
    0.226101 20
  185.274 73.6535 232 92 1 1 0 1
    -2.78708 24
  146.093 145.749 1500 78 0 1 1 2
    1.49829 28
    -2.5983 16
  121.743 211.086 1500 77 0 0 0 1
    3.06411 12
  85.8952 128.549 1500 76 0 0 0 3
    1.9668 28
    2.08088 28
    2.30534 4
  113.25 184.164 175 93 1 0 0 1
    -0.428389 20
  129.915 17.0903 1500 75 0 1 1 1
    2.84873 20
  63.604 206.733 31 95 1 1 0 1
    -0.382156 12
  227.499 177.476 21 96 1 1 0 1
    -1.28267 16

102
  103.578 202.41 1930 7 0
  102.326 202.077 1809 5 0
  103.634 202.206 1802 9 0
  102.429 202.247 1686 7 0
  103.645 202.338 1679 3 0
  103.646 202.339 1672 3 0
  103.64 202.332 1371 3 0
  103.64 202.332 1364 3 0
  103.641 202.333 1357 3 0
  103.641 202.332 1350 3 0
  103.644 202.336 390 3 0
  103.641 202.314 383 3 0
  64.3125 186.848 376 7 0
  103.425 201.115 369 9 0
  103.597 202.494 352 3 0
  91.0239 71.1835 345 7 0
  103.594 202.471 338 3 0
  103.589 202.349 331 3 0
  103.589 202.459 328 3 0
  91.3807 70.781 320 5 0
  91.183 70.0669 313 3 0
  46.4665 164.013 306 5 0
  103.497 202.516 304 3 0
  91.0108 72.1018 299 3 0
  90.9722 72.6051 297 3 0
  103.577 202.241 292 3 0
  103.457 201.365 290 9 0
  101.482 201.496 290 3 0
  103.503 202.529 290 3 0
  103.29 203.042 289 4 0
  91.0325 71.1501 283 8 0
  102.181 202.079 283 3 0
  103.629 202.615 282 3 0
  103.285 203.013 282 3 0
  103.512 202.639 275 3 0
  103.348 201.371 272 3 0
  102.525 202.486 268 3 0
  90.9769 72.1326 265 3 0
  94.6504 41.9452 260 4 0
  90.7263 68.7831 258 3 0
  90.8159 67.9364 253 3 0
  67.9462 183.74 251 8 0
  56.9413 193.181 241 3 0
  102.36 201.377 241 3 0
  96.4276 186.705 234 7 0
  102.462 199.391 234 3 0
  102.643 201.48 231 3 0
  102.799 202.598 227 3 0
  102.739 202.087 224 3 0
  102.726 202.636 220 3 0
  102.716 202.112 218 3 0
  102.783 202.315 217 3 0
  69.7439 185.061 213 3 0
  91.0983 71.2531 211 3 0
  102.83 202.38 194 3 0
  90.3579 193.46 194 3 0
  102.757 202.567 187 3 0
  103.521 200.01 180 8 0
  88.2725 57.2213 173 4 0
  102.62 200.085 173 5 0
  102.556 202.793 169 3 0
  69.0519 185.585 166 3 0
  102.266 203.538 166 3 0
  102.366 203.332 162 3 0
  101.51 202.977 159 3 0
  103.063 202.595 147 3 0
  68.5062 184.722 140 3 0
  65.8599 185.818 136 3 0
  102.124 202.904 135 3 0
  90.7121 68.7457 135 3 0
  68.5785 184.638 133 3 0
  46.365 158.818 129 3 0
  102.035 202.36 128 3 0
  91.4045 48.1623 128 3 0
  87.1722 74.7587 126 3 0
  45.5783 154.861 122 3 0
  102.225 200.372 121 3 0
  90.5605 67.58 121 7 0
  101.744 203.503 120 3 0
  101.083 202.892 113 3 0
  102.288 201.475 104 3 0
  102.517 201.009 97 3 0
  96.1466 182.458 95 3 0
  113.862 199.772 89 6 0
  33.3455 158.493 88 8 0
  57.4109 190.256 84 5 0
  103.274 201.722 82 3 0
  100.475 205.918 77 3 0
  101.171 195.476 75 3 0
  91.4689 202.475 70 3 0
  108.061 196.569 64 3 0
  117.568 192.788 57 3 0
  134.277 189.555 52 8 0
  90.2103 49.7307 50 3 0
  47.74 172.448 46 3 0
  109.779 212.015 45 7 1 77
  92.8461 50.7302 43 3 0
  63.4921 192.275 38 3 0
  110.767 22.8642 36 8 1 75
  125.05 198.499 29 3 0
  58.7425 181.786 27 7 1 76
  48.5588 178.124 22 3 0

